#########################################################################################################################################################################################################################
# 等级及类型    体质    灵力    力量    敏捷    道行    武器    ——    ——    帽子    ——    ——    ——    ——    衣服    ——    ——    ——    ——    鞋子    ——    ——    ——    首饰    ——    ——    #
#                                                       伤害    附加    改造    防御    附加    改造    气血    法力    防御    附加    改造    气血    法力    防御    附加    改造    速度    气血    法力    伤害    #
#########################################################################################################################################################################################################################
10级标准人物,   19,     19,     19,     19,     290,    179,    74,      47,     24,     23,     17,     93,     62,     41,     39,     17,     163,    109,    16,     15,     17,     67,     0,      0,      0
20级标准人物,   39,     39,     39,     39,     2320,   253,    141,     89,     46,     44,     31,     176,    117,    78,     74,     31,     308,    205,    31,     29,     31,     97,     397,    264,    76
30级标准人物,   59,     59,     59,     59,     7830,   371,    220,     139,    73,     69,     49,     275,    183,    122,    116,    49,     482,    320,    48,     46,     49,     127,    397,    264,    76
40级标准人物,   79,     79,     79,     79,     18560,  444,    313,     198,    104,    98,     70,     391,    260,    173,    165,    70,     685,    456,    69,     66,     70,     157,    799,    531,    153
50级标准人物,   99,     99,     99,     99,     36250,  594,    419,     265,    139,    132,    94,     524,    348,    232,    221,    94,     917,    610,    93,     88,     94,     187,    1180,   785,    227
60级标准人物,   119,    119,    119,    119,    62640,  763,    539,     341,    179,    170,    121,    673,    448,    299,    284,    121,    1179,   784,    119,    113,    121,    217,    1516,   1008,   292
70级标准人物,   139,    139,    139,    139,    99470,  952,    672,     425,    223,    212,    151,    840,    558,    373,    354,    151,    1470,   977,    149,    141,    151,    247,    1890,   1257,   364
80级标准人物,   159,    159,    159,    159,    148480, 1159,   818,     518,    272,    258,    184,    1022,   680,    454,    431,    184,    1789,   1191,   181,    172,    184,    277,    2301,   1531,   443
90级标准人物,   179,    179,    179,    179,    211410, 1385,   977,     619,    325,    309,    220,    1222,   813,    543,    516,    220,    2138,   1423,   217,    206,    220,    307,    2750,   1831,   529
100级标准人物,  199,    199,    199,    199,    290000, 1630,   1150,    728,    383,    364,    259,    1438,   957,    639,    607,    259,    2517,   1675,   255,    242,    259,    337,    3236,   2155,   623
110级标准人物,  219,    219,    219,    219,    385990, 1893,   1336,    846,    445,    422,    301,    1671,   1113,    742,    705,    301,    2924,   1947,   296,    281,    301,    367,    3760,   2504,   724
120级标准人物,  239,    239,    239,    239,    501120, 2176,   1536,    973,    512,    486,    347,    1920,   1279,    853,    810,    347,    3361,   2238,   341,    324,    347,    397,    4321,   2878,   832

10级血牛人物,   46,     10,     10,     10,     290,    179,    74,      47,     24,     23,     17,    93,     62,      41,     39,     17,     163,    109,    16,     15,     17,     67,     0,      0,      0
20级血牛人物,   96,     20,     20,     20,     2320,   253,    141,     89,     46,     44,     31,    176,    117,     78,     74,     31,     308,    205,    31,     29,     31,     97,     397,    264,    76
30级血牛人物,   146,    30,     30,     30,     7830,   371,    220,     139,    73,     69,     49,    275,    183,     122,    116,    49,     482,    320,    48,     46,     49,     127,    397,    264,    76
40级血牛人物,   196,    40,     40,     40,     18560,  444,    313,     198,    104,    98,     70,    391,    260,     173,    165,    70,     685,    456,    69,     66,     70,     157,    799,    531,    153
50级血牛人物,   246,    50,     50,    50,     36250,   594,    419,     265,    139,    132,    94,    524,    348,     232,    221,    94,     917,    610,    93,     88,     94,     187,    1180,   785,    227
60级血牛人物,   296,    60,     60,    60,     62640,   763,    539,     341,    179,    170,    121,   673,    448,     299,    284,    121,    1179,   784,    119,    113,    121,    217,    1516,   1008,   292
70级血牛人物,   346,    70,     70,    70,     99470,   952,    672,     425,    223,    212,    151,   840,    558,     373,    354,    151,    1470,   977,    149,    141,    151,    247,    1890,   1257,   364
80级血牛人物,   396,    80,     80,    80,     148480,  1159,   818,     518,    272,    258,    184,   1022,   680,     454,    431,    184,    1789,   1191,   181,    172,    184,    277,    2301,   1531,   443
90级血牛人物,   446,    90,     90,    90,     211410,  1385,   977,     619,    325,    309,    220,   1222,   813,     543,    516,    220,    2138,   1423,   217,    206,    220,    307,    2750,   1831,   529
100级血牛人物,  496,    100,    100,    100,    290000, 1630,   1150,    728,    383,    364,    259,   1438,   957,     639,    607,    259,    2517,   1675,   255,    242,    259,    337,    3236,   2155,   623
110级血牛人物,  566,    110,    110,    110,    385990, 1893,   1336,    846,    445,    422,    301,   1671,   1113,    742,    705,    301,    2924,   1947,   296,    281,    301,    367,    3760,   2504,   724
120级血牛人物,  636,    120,    120,    120,    501120, 2176,   1536,    973,    512,    486,    347,   1920,   1279,    853,    810,    347,    3361,   2238,   341,    324,    347,    397,    4321,   2878,   832

10级敏捷人物,   10,     10,     10,     46,     290,    179,    74,      47,    24,     23,     17,    93,     62,     41,     39,     17,     163,    109,     16,     15,     17,     67,       0,      0,      0
20级敏捷人物,   20,     20,     20,     96,     2320,   253,    141,     89,    46,     44,     31,    176,    117,    78,     74,     31,     308,    205,     31,     29,     31,     97,       397,    264,    76
30级敏捷人物,   30,     30,     30,     146,    7830,   371,    220,     139,   73,     69,     49,    275,    183,    122,    116,    49,     482,    320,     48,     46,     49,     127,      397,    264,    76
40级敏捷人物,   40,     40,     40,     196,    18560,  444,    313,     198,   104,    98,     70,    391,    260,    173,    165,    70,     685,    456,     69,     66,     70,     157,      799,    531,    153
50级敏捷人物,   50,     50,     50,     246,    36250,  594,    419,     265,   139,    132,    94,    524,    348,    232,    221,    94,     917,    610,     93,     88,     94,     187,      1180,   785,    227
60级敏捷人物,   60,     60,     60,     296,    62640,  763,    539,     341,   179,    170,    121,   673,    448,    299,    284,    121,    1179,   784,     119,    113,    121,    217,      1516,   1008,   292
70级敏捷人物,   70,     70,     70,     346,    99470,  952,    672,     425,   223,    212,    151,   840,    558,    373,    354,    151,    1470,   977,     149,    141,    151,    247,      1890,   1257,   364
80级敏捷人物,   80,     80,     80,     396,    148480, 1159,   818,     518,   272,    258,    184,   1022,   680,    454,    431,    184,    1789,   1191,    181,    172,    184,    277,      2301,   1531,   443
90级敏捷人物,   90,     90,     90,     446,    211410, 1385,   977,     619,   325,    309,    220,   1222,   813,    543,    516,    220,    2138,   1423,    217,    206,    220,    307,      2750,   1831,   529
100级敏捷人物,  100,    100,    100,    496,    290000, 1630,   1150,    728,   383,    364,    259,   1438,   957,    639,    607,    259,    2517,   1675,    255,    242,    259,    337,      3236,   2155,   623
110级敏捷人物,  110,    110,    110,    566,    385990, 1893,   1336,    846,   445,    422,    301,   1671,   1113,    742,    705,    301,    2924,   1947,    296,    281,    301,    367,      3760,   2504,   724
120级敏捷人物,  120,    120,    120,    636,    501120, 2176,   1536,    973,   512,    486,    347,   1920,   1279,    853,    810,    347,    3361,   2238,    341,    324,    347,    397,      4321,   2878,   832

10级法力人物,   10,     46,     10,     10,     290,    179,    74,      47,    24,     23,     17,     93,     62,      41,     39,     17,     163,    109,     16,     15,     17,     67,       0,      0,      0
20级法力人物,   20,     96,     20,     20,     2320,   253,    141,     89,    46,     44,     31,     176,    117,     78,     74,     31,     308,    205,     31,     29,     31,     97,       397,    264,    76
30级法力人物,   30,     146,    30,     30,     7830,   371,    220,     139,   73,     69,     49,     275,    183,     122,    116,    49,     482,    320,     48,     46,     49,     127,      397,    264,    76
40级法力人物,   40,     196,    40,     40,     18560,  444,    313,     198,   104,    98,     70,     391,    260,     173,    165,    70,     685,    456,     69,     66,     70,     157,      799,    531,    153
50级法力人物,   50,     246,    50,     50,     36250,  594,    419,     265,   139,    132,    94,     524,    348,     232,    221,    94,     917,    610,     93,     88,     94,     187,      1180,   785,    227
60级法力人物,   60,     296,    60,     60,     62640,  763,    539,     341,   179,    170,    121,    673,    448,     299,    284,    121,    1179,   784,     119,    113,    121,    217,      1516,   1008,   292
70级法力人物,   70,     346,    70,     70,     99470,  952,    672,     425,   223,    212,    151,    840,    558,     373,    354,    151,    1470,   977,     149,    141,    151,    247,      1890,   1257,   364
80级法力人物,   80,     396,    80,     80,     14848,  1159,   818,     518,   272,    258,    184,    1022,   680,     454,    431,    184,    1789,   1191,    181,    172,    184,    277,      2301,   1531,   443
90级法力人物,   90,     446,    90,     90,     211410, 1385,   977,     619,   325,    309,    220,    1222,   813,     543,    516,    220,    2138,   1423,    217,    206,    220,    307,      2750,   1831,   529
100级法力人物,  100,    496,    100,    100,    290000, 1630,   1150,    728,   383,    364,    259,    1438,   957,     639,    607,    259,    2517,   1675,    255,    242,    259,    337,      3236,   2155,   623
110级法力人物,  110,    566,    110,    110,    385990, 1893,   1336,    846,   445,    422,    301,    1671,   1113,     742,    705,    301,    2924,   1947,    296,    281,    301,    367,      3760,   2504,   724
120级法力人物,  120,    636,    120,    120,    501120, 2176,   1536,    973,   512,    486,    347,    1920,   1279,     853,    810,    347,    3361,   2238,    341,    324,    347,    397,      4321,   2878,   832

###########################################################
# 等级及类型   体质     灵力    力量    敏捷    武学      #
###########################################################
30级标准宠物,   59,     59,     59,     59,     15660
40级标准宠物,   79,     79,     79,     79,     37120
50级标准宠物,   99,     99,     99,     99,     72500
60级标准宠物,   119,    119,    119,    119,    125280
70级标准宠物,   139,    139,    139,    139,    198940
80级标准宠物,   159,    159,    159,    159,    296960
90级标准宠物,   179,    179,    179,    179,    422820
100级标准宠物,  199,    199,    199,    199,    580000
110级标准宠物,  219,    219,    219,    219,    771980
120级标准宠物,  239,    239,    239,    239,    1002240

30级血牛宠物,   146,    30,     30,     30,     15660
40级血牛宠物,   196,    40,     40,     40,     37120
50级血牛宠物,   246,    50,     50,     50,     72500
60级血牛宠物,   296,    60,     60,     60,     125280
70级血牛宠物,   346,    70,     70,     70,     198940
80级血牛宠物,   396,    80,     80,     80,     296960
90级血牛宠物,   446,    90,     90,     90,     422820
100级血牛宠物,  496,    100,    100,    100,    580000
110级血牛宠物,  546,    110,    110,    110,    771980
120级血牛宠物,  596,    120,    120,    120,    1002240

30级敏捷宠物,   30,     30,     30,     146,    15660
40级敏捷宠物,   40,     40,     40,     196,    37120
50级敏捷宠物,   50,     50,     50,     246,    72500
60级敏捷宠物,   60,     60,     60,     296,    125280
70级敏捷宠物,   70,     70,     70,     346,    198940
80级敏捷宠物,   80,     80,     80,     396,    296960
90级敏捷宠物,   90,     90,     90,     446,    422820
100级敏捷宠物,  100,    100,    100,    496,    580000
110级敏捷宠物,  110,    110,    110,    546,    771980
120级敏捷宠物,  120,    120,    120,    596,    1002240

30级法力宠物,   30,     146,    30,     30,     15660
40级法力宠物,   40,     196,    40,     40,     37120
50级法力宠物,   50,     246,    50,     50,     72500
60级法力宠物,   60,     296,    60,     60,     125280
70级法力宠物,   70,     346,    70,     70,     198940
80级法力宠物,   80,     396,    80,     80,     296960
90级法力宠物,   90,     446,    90,     90,     422820
100级法力宠物,  100,    496,    100,    100,    580000
110级法力宠物,  110,    546,    110,    110,    771980
120级法力宠物,  120,    596,    120,    120,    1002240
