#名称,      编号,  量词, 需求等级,  需求属性,   改造效果,       基本防御,  物理伤害,        魔法伤害,        基本法力,      基本气血,      基本速度,   耐久,           买入价格, 买入声望,     认主属性,             描述
key_name,   icon, unit, req_level, req_att, upgrade_effect, prop/def, prop/phy_power, prop/mag_power, prop/max_mana, prop/max_life, prop/speed, max_durability, value,  reputation, prop_recg/max_life, desc
方巾,       1201, 顶,   1,         0,       4,              7,        0,              0,              0,             0,             0,          220,            150,    1,          6,                  普通的白色头巾，有一定的防护作用
皮帽,       1202, 顶,   10,        27,      17,             24,       0,              0,              37,            56,            0,          300,            1200,   5,          60,                 羊皮制成的帽子，能够减少一些伤害
青铜盔,     1203, 顶,   20,        55,      31,             46,       0,              0,              70,            106,           0,          400,            2500,   10,         120,                以青铜为原料铸做而成的坚硬而结实的头盔，有不错的防御作用
冲天盔,     1204, 顶,   30,        83,      49,             73,       0,              0,              110,           165,           0,          520,            4000,   20,         180,                头盔上有一根冲天的长刺，故而得此名，可以有效的减少伤害
虎头盔,     1205, 顶,   40,        111,     70,             104,      0,              0,              156,           235,           0,          660,            6000,   40,         240,                虎皮制成的头盔，穿戴起来显得威风凛凛，可抵御一定的攻击
神龙盔,     1206, 顶,   50,        139,     94,             139,      0,              0,              209,           314,           0,          720,            10000,  60,         300,                精铁铸就而成，并雕有盘龙，精巧坚固颇为实用，可以增加防御
白玉冠,     1207, 顶,   60,        167,     121,            179,      0,              0,              269,           404,           0,          780,            18000,  80,         360,                外形优美，正中镶嵌上好白玉，可驱邪护身，增加一定的防御
乾坤冠,     1208, 顶,   70,        195,     151,            223,      0,              0,              335,           504,           0,          830,            30000,  100,        420,                此冠外形古朴，暗藏乾坤玄机，得此冠者可受其护佑而妙用无穷
龙冠,       1209, 顶,   80,        223,     184,            272,      0,              0,              408,           613,           0,          880,            43000,  120,        480,                相传为北海龙王三太子之物，镶以红丹，可护身佑体，增强防御
蟠龙冠,     1210, 顶,   90,        251,     220,            325,      0,              0,              488,           733,           0,          930,            60000,  0,          540,                黄帝时期传下的宝冠，据传拥有此冠可受神龙护体，百邪不侵
九霄烈焰冠, 1211, 顶,   100,       279,     259,            383,      0,              0,              574,           863,           0,          1000,           100000, 0,          600,                为九霄真人飞升后的遗物，相传得此冠者可获其冠所蕴神力护佑
星耀冠,     1255, 顶,   110,       307,     301,            445,      0,              0,              668,           1003,          0,          1050,           140000, 0,          660,                由万年玄铁所制，冠顶星光闪耀，可使人法力倍增。
白玉星冠,   1266, 顶,   130,       363,     394,            584,      0,              0,              874,           1312,          0,          1200,           200000, 0,          780,                虚空中采得星光点点，凝炼光华如同白玉，仿天地玄理制得此冠，非比一般神物
七星宝冠,   1256, 顶,   120,       335,     347,            512,      0,              0,              767,           1152,          0,          1100,           180000, 0,          720,                镶在冠上的七星宝石，乃开天辟地之时所留，戴上此冠能带来不可思议的奇效


簪子,       1212, 支,   1,         0,       4,              7,        0,              0,              0,             0,             0,          220,            150,    1,          6,                  女子常用的头饰，有一定的防护作用
飞凤钗,     1213, 支,   10,        27,      17,             24,       0,              0,              37,            56,            0,          300,            1200,   5,          60,                 形如凤凰展翅，灵巧美观，颇为精致，佩带后有一定的防御作用
碧玉钗,     1214, 支,   20,        55,      31,             46,       0,              0,              70,            106,           0,          400,            2500,   10,         120,                绿色的浑玉雕制而成，看起来较为名贵，可以抵御一定的伤害
蝴蝶钗,     1215, 支,   30,        83,      49,             73,       0,              0,              110,           165,           0,          520,            4000,   20,         180,                设计精巧，因如同蝴蝶飞舞而得此美名，佩带后可以辟邪护身
金钗,       1216, 支,   40,        111,     70,             104,      0,              0,              156,           235,           0,          660,            6000,   40,         240,                纯金打造而成，富贵人家常戴的护身之物
珍珠钗,     1217, 支,   50,        139,     94,             139,      0,              0,              209,           314,           0,          720,            10000,  60,         300,                钗身镶满珍珠，华贵且具有驱邪护身之功效
凤尾钗,     1218, 支,   60,        167,     121,            179,      0,              0,              269,           404,           0,          780,            18000,  80,         360,                形如凤尾，色如凤翎，护身辟邪之宝物
鱼尾冠,     1219, 支,   70,        195,     151,            223,      0,              0,              335,           504,           0,          830,            30000,  100,        420,                传说是东海神鱼所化，佩之可得神鱼护体
凤冠,       1220, 顶,   80,        223,     184,            272,      0,              0,              408,           613,           0,          880,            43000,  120,        480,                此冠以神鸟火凤的翎羽炼制而成，佩之既可护体亦能法力大增
金霞冠,     1221, 顶,   90,        251,     220,            325,      0,              0,              488,           733,           0,          930,            60000,  0,          540,                传说为西王母年轻时所戴之冠，为天上宝物，佩之可受神灵护佑
九霄烈焰冠, 1211, 顶,   100,       279,     259,            383,      0,              0,              574,           863,           0,          1000,           100000, 0,          600,                为九霄真人飞升后的遗物，相传得此冠者可获其冠所蕴神力护佑
凌波霞冠,   1257, 顶,   110,       307,     301,            445,      0,              0,              668,           1003,          0,          1050,           140000, 0,          660,                传说中凌波仙子戴过的霞冠，可以给使用者带来不可思议的法力。
九彩玲珠冠, 1265, 顶,   130,       363,     394,            582,      0,              0,              874,           1312,          0,          1200,           200000, 0,          780,                戴得九彩玲珠冠，踏着彩云来，金珠玉骨人娇怜，独我似神仙
天灵宝冠,   1258, 顶,   120,       335,     347,            512,      0,              0,              767,           1152,          0,          1100,           180000, 0,          720,                相传女祸娘娘所遗留的宝冠，能给人带来强大的防御力


布衣,       1222, 件,   1,         0,       4,              12,       0,              0,              0,             0,             0,          220,            300,    1,          6,                  普普通通的一件粗布衣，却可挡风御寒
虎皮衣,     1223, 件,   10,        27,      17,             41,       0,              0,              65,            98,            0,          300,            2000,   5,          60,                 虎皮缝制成的衣服，虽然有些简陋，但结实耐穿，可增强防御
青铜铠,     1224, 件,   20,        55,      31,             78,       0,              0,              123,           185,           0,          400,            3500,   10,         120,                青铜铸就的铠甲，坚硬异常，能够保护主人免受些许刀剑伤害。
皂罗袍,     1225, 件,   30,        83,      49,             122,      0,              0,              192,           289,           0,          520,            5500,   20,         180,                宽大的袍身空荡且飘忽不定，令对手难测其虚实从而防御得到加强
金锁甲,     1226, 件,   40,        111,     70,             173,      0,              0,              274,           411,           0,          660,            9000,   40,         240,                由赤精黄铜炼制而成，金光辉煌，虽然质地颇为厚重但防御极高
莽龙袍,     1227, 件,   50,        139,     94,             232,      0,              0,              366,           550,           0,          720,            15000,  60,         300,                由华丽的丝绸缝制而成，绣以金龙，霸气十足，防身效果奇好
金丝甲,     1228, 件,   60,        167,     121,            299,      0,              0,              470,           707,           0,          780,            25000,  80,         360,                由成千上万根金丝密织而成，护体效果极佳
八卦衣,     1229, 件,   70,        195,     151,            373,      0,              0,              586,           882,           0,          830,            40000,  100,        420,                修道之士常用的法衣，正面是八卦图符，具有抵御伤害的功效
连环甲,     1230, 件,   80,        223,     184,            454,      0,              0,              715,           1073,          0,          880,            60000,  120,        480,                出自名匠之手，甲片彼此相扣，环环紧锁，一般兵刃休想动之分毫
金缕衣,     1231, 件,   90,        251,     220,            543,      0,              0,              854,           1283,          0,          930,            88000,  0,          540,                用冰蚕丝串连大紫金叶缝制而成，承受任何攻击亦能完好无损
天衣,       1232, 件,   100,       279,     259,            639,      0,              0,              1005,          1510,          0,          1000,           145000, 0,          600,                采集九重天的云彩编织而成，浑然一体，能将任何攻击化于无形
瀚宇法袍,   1259, 件,   110,       307,     301,            742,      0,              0,              1168,          1754,          0,          1050,           170000, 0,          660,                采天上星光所织，夜中能放出耀眼的光芒，可给人带来无穷的法力。
天玄真神甲, 1267, 件,   130,       363,     394,            971,      0,              0,              1529,          2296,          0,          1200,           250000, 0,          780,                此神甲与天地融为一体，天地运转，牢不可破
诸天法袍,   1260, 件,   120,       335,     347,            853,      0,              0,              1343,          2017,          0,          1100,           200000, 0,          720,                传说中，女娲娘娘用补天时遗留的天丝所织的法袍，可使穿戴者产生超强的法力

布裙,       1233, 件,   1,         0,       4,              12,       0,              0,              0,             0,             0,          220,            300,    1,          6,                  普通布料缝制而成的裙子，可遮风挡寒
绛紫裙,     1234, 件,   10,        27,      17,             41,       0,              0,              65,            98,            0,          300,            2000,   5,          60,                 绸丝长裙，裙色晕红，能抵御一定伤害
虹羽衣,     1235, 件,   20,        55,      31,             78,       0,              0,              123,           185,           0,          400,            3500,   10,         120,                用仙鹤翅尖锦羽编织，轻盈且泛有淡淡红光，有防身护体之功效
凤暖袍,     1236, 件,   30,        83,      49,             122,      0,              0,              192,           289,           0,          520,            5500,   20,         180,                棉制的厚袄，绘有凤凰图案，防护效果较佳
锦月袄,     1237, 件,   40,        111,     70,             173,      0,              0,              274,           411,           0,          660,            9000,   40,         240,                漂亮的缎面光润如水，看似柔弱却防御极佳
凝霜衣,     1238, 件,   50,        139,     94,             232,      0,              0,              366,           550,           0,          720,            15000,  60,         300,                此衣来历不明，相传穿此衣后周身凝结一层雾气而化解对手攻击
水合袍,     1239, 件,   60,        167,     121,            299,      0,              0,              470,           707,           0,          780,            25000,  80,         360,                东海龙宫宝库所藏之物，穿之如流水护体，具有极强的防御功能
狐皮袄,     1240, 件,   70,        195,     151,            373,      0,              0,              586,           882,           0,          830,            40000,  100,        420,                集百兽皮毛制成，袄面颇似狐皮，坚固异常
蛟皮袄,     1241, 件,   80,        223,     184,            454,      0,              0,              715,           1073,          0,          880,            60000,  120,        480,                取东海恶蛟之皮缝制而成，穿后可水火不侵
天蚕衣,     1242, 件,   90,        251,     220,            543,      0,              0,              854,           1283,          0,          930,            88000,  0,          540,                天蚕精丝编织制成，坚韧异常能够刀枪不入
霓裳羽衣,   1243, 件,   100,       279,     259,            639,      0,              0,              1005,          1510,          0,          1000,           145000, 0,          600,                凤凰颈羽配合五彩石炼化而成，其强大法力可护佑主人毫发不伤
星晶法衣,   1261, 件,   110,       307,     301,            742,      0,              0,              1168,          1754,          0,          1050,           170000, 0,          660,                此衣由星光所织，散发出摄人的光芒，使用者可以得到不可思议的能力。
万霞霓罗裳, 1268, 件,   130,       363,     394,            971,      0,              0,              1529,          2296,          0,          1200,           250000, 0,          780,                一现身，万霞涌动；一挥手，五彩缤纷；一迈步，异香扑鼻；一启齿，惊艳绝伦
神鸢凤裘,   1262, 件,   120,       335,     347,            853,      0,              0,              1343,          2017,          0,          1100,           200000, 0,          720,                由鸢、凤羽编制而成，使用此衣者可得到无穷的法力


麻鞋,       1244, 双,   1,         0,       4,              4,        0,              0,              0,             0,             30,         220,            150,    1,          6,                  粗麻编织的普通鞋子，可躲避一定的攻击
布鞋,       1245, 双,   10,        27,      17,             16,       0,              0,              0,             0,             40,         300,            1200,   5,          60,                 普通布鞋，穿起来甚为舒适，防护效果不错
马靴,       1246, 双,   20,        55,      31,             31,       0,              0,              0,             0,             58,         400,            2500,   10,         120,                普通皮靴，穿后起一定的防护作用
牛皮靴,     1247, 双,   30,        83,      49,             48,       0,              0,              0,             0,             76,         520,            4000,   20,         180,                用牛皮缝制而成，不但坚固且有较强的韧性
长筒靴,     1248, 双,   40,        111,     70,             69,       0,              0,              0,             0,             94,         660,            6000,   40,         240,                鞋身较长，同时可以护住腿部免受伤害
追云履,     1249, 双,   50,        139,     94,             93,       0,              0,              0,             0,             112,        720,            10000,  60,         300,                穿上此鞋行动迅捷，能够躲避对手的攻击
亮银靴,     1250, 双,   60,        167,     121,            119,      0,              0,              0,             0,             130,        780,            18000,  80,         360,                上等银料打制而成，穿上后可使躲避迅速
疾风履,     1251, 双,   70,        195,     151,            149,      0,              0,              0,             0,             148,        830,            30000,  100,        420,                穿着此鞋行走如风，可迅速躲闪敌人的攻击
无影靴,     1252, 双,   80,        223,     184,            181,      0,              0,              0,             0,             166,        880,            43000,  120,        480,                相传穿此鞋后行走之快就连影子也来不及显现，令敌人无从攻击
天行履,     1253, 双,   90,        251,     220,            217,      0,              0,              0,             0,             184,        930,            60000,  0,          540,                若得此鞋，奔走有如天马行空，躲避对手的攻击更是易如反掌
踏云靴,     1254, 双,   100,       279,     259,            255,      0,              0,              0,             0,             202,        1000,           100000, 0,          600,                稀世之神靴，穿之即有祥云绕足，化解对手的攻击于无影无形
御风履,     1263, 双,   110,       307,     301,            296,      0,              0,              0,             0,             220,        1050,           140000, 0,          660,                此履由天甲丝所制，穿着时可御风而行。
雷弧闪,     1269, 双,   130,       363,     394,            388,      0,              0,              0,             0,             256,        1200,           200000, 0,          780,                踏雷而来，鸣闪而去，停留之处，惊雷滚滚
钧天履,     1264, 双,   120,       335,     347,            341,      0,              0,              0,             0,             238,        1100,           180000, 0,          720,                此履包蓄天地之灵气，行走时可如流星划过相仿


#名称,      编号,  量词, 需求等级,  需求属性,   改造效果,       基本防御,  基本伤害,        基本伤害,        基本法力,      基本气血,      基本速度,   耐久,           买入价格
铜锤,       1112, 对,   1,         0,       13,             0,        58,             58,             0,             0,             0,          220,            300,    2,          6,                  以精铜打制，用于练习用锤的基本技巧
流星锤,     1113, 对,   10,        27,      47,             0,        179,            179,            0,             0,             0,          300,            2000,   10,         60,                 长柄铁锤，精钢打制，挥舞起来有似流星飞闪，可远攻亦可近守
八棱锤,     1114, 对,   20,        55,      89,             0,        253,            253,            0,             0,             0,          400,            3500,   20,         120,                锤体状似南瓜，臂力过人者方能运用自如
亮银锤,     1115, 对,   30,        83,      139,            0,        371,            371,            0,             0,             0,          520,            5500,   40,         180,                纯银打制，通体灿白，舞动生风，如星光闪耀，降妖伏魔之利器
乌金锤,     1116, 对,   40,        111,     198,            0,        444,            444,            0,             0,             0,          660,            9000,   60,         240,                此锤构造玄妙，如被击中非死既伤
混元锤,     1117, 对,   50,        139,     265,            0,        594,            594,            0,             0,             0,          720,            15000,  80,         300,                此锤暗藏混元之气，威力发出可使被击者后退三丈，呕血五斗
霹雳锤,     1118, 对,   60,        167,     341,            0,        763,            763,            0,             0,             0,          780,            25000,  100,        360,                舞动此锤时声响犹如晴天霹雳，斩妖利器
晃金锤,     1119, 对,   70,        195,     425,            0,        952,            952,            0,             0,             0,          830,            40000,  120,        420,                锤体似拳头，充满力量，令人望而生畏
撼地锤,     1120, 对,   80,        223,     518,            0,        1159,           1159,           0,             0,             0,          880,            60000,  150,        480,                此锤砸落之处地动山摇，斩妖威力不可小觑
破天锤,     1121, 对,   90,        251,     619,            0,        1385,           1385,           0,             0,             0,          930,            88000,  0,          540,                此锤有破天之势、锐不可挡，专破对手盔甲防御，令人未战先寒
加持杵,     1122, 对,   100,       279,     728,            0,        1630,           1630,           0,             0,             0,          1000,           120000, 0,          600,                舞动之下，金光四射，威力无比，斩妖除魔之神器
炼狱麒麟杵, 1158, 对,   110,       307,     846,            0,        1893,           1893,           0,             0,             0,          1050,           150000, 0,          660,                相传上古神兽麒麟死后，用其血肉加以上古玄铁所制，奇硬无比，无坚不摧
风雷如意杵, 1159, 对,   120,       335,     973,            0,        2176,           2176,           0,             0,             0,          1100,           180000, 0,          720,                洞悉阴阳知晓五行的神器，出则风吼雷鸣，天地无光
玄黄破坚锤, 1170, 对,   130,       363,     1108,           0,        2478,           2478,           0,             0,             0,          1200,           200000, 0,          780,                此锤乃仙界中非常著名的神锤，罡风破，无刚不破，神雷摧，无坚不摧

折扇,       1101, 把,   1,         0,       13,             0,        58,             58,             0,             0,             0,          220,            300,    2,          6,                  普通的纸扇，用于练习用扇的基本技巧
精铁扇,     1102, 把,   10,        27,      47,             0,        179,            179,            0,             0,             0,          300,            2000,   10,         60,                 此扇以精铁为骨，格挡攻击可运用自如
逍遥扇,     1103, 把,   20,        55,      89,             0,        253,            253,            0,             0,             0,          400,            3500,   20,         120,                逍遥公子常用的纸扇，佩之更添几分潇洒之气而伤敌于谈笑之间
玉骨扇,     1104, 把,   30,        83,      139,            0,        371,            371,            0,             0,             0,          520,            5500,   40,         180,                以上好翡翠石为扇骨精制而成，散发寒气，可助使用者斩妖除魔
阴阳扇,     1105, 把,   40,        111,     198,            0,        444,            444,            0,             0,             0,          660,            9000,   60,         240,                扇面绘有阴阳卦象图，晓理天机，可震慑诸魔，加强攻击效果
凤羽扇,     1106, 把,   50,        139,     265,            0,        594,            594,            0,             0,             0,          720,            15000,  80,         300,                用神鸟凤凰之尾羽制成，隐隐然有五色光芒，有助于降妖伏魔
百花扇,     1107, 把,   60,        167,     341,            0,        763,            763,            0,             0,             0,          780,            25000,  100,        360,                扇面凝有紫色花瓣，攻击时飘逸若水
流云扇,     1108, 把,   70,        195,     425,            0,        952,            952,            0,             0,             0,          830,            40000,  120,        420,                此扇闭合似天上闲云，打开见流光溢彩，攻击时灵巧若行云流水
蔽日扇,     1109, 把,   80,        223,     518,            0,        1159,           1159,           0,             0,             0,          880,            60000,  150,        480,                扇面较大，修为高深之人运用此扇可遮天蔽日，除魔卫道之利器
乾坤扇,     1110, 把,   90,        251,     619,            0,        1385,           1385,           0,             0,             0,          930,            88000,  0,          540,                扇面正为乾反为坤，法术高深者运用此扇斩杀妖魔可事半功倍
五彩神焰扇, 1157, 把,   100,       279,     728,            0,        1630,           1630,           0,             0,             0,          1000,           120000, 0,          600,                扇面为五彩的火焰燃动，可以烧灭一切邪魔
离火七翎扇, 1111, 把,   110,       307,     846,            0,        1893,           1893,           0,             0,             0,          1050,           150000, 0,          660,                用七种神鸟冠羽精制而成，集蕴灵气，斩妖神器，妖魔闻之丧胆
赤霄烈焰扇, 1156, 把,   120,       335,     973,            0,        2176,           2176,           0,             0,             0,          1100,           180000, 0,          720,                神器赤霄，火之精髓凝成，得之者得天下
红云火霞扇, 1167, 把,   130,       363,     1108,           0,        2478,           2478,           0,             0,             0,          1200,           200000, 0,          780,                云母招霞用的扇子，挥舞处一片烈焰霞光

长剑,       1123, 把,   1,         0,       13,             0,        58,             58,             0,             0,             0,          220,            300,    2,          6,                  普通的铁剑，用于练习用剑的基本技巧
青锋剑,     1124, 把,   10,        27,      47,             0,        179,            179,            0,             0,             0,          300,            2000,   10,         60,                 剑身锋利而修长，剑刃带有淡淡的青色，寒气逼人，能增强攻击
沉香剑,     1125, 把,   20,        55,      89,             0,        253,            253,            0,             0,             0,          400,            3500,   20,         120,                剑影过处留有淡淡清香，看似柔弱却异常锋利，降妖伏魔之利器
飞虹剑,     1126, 把,   30,        83,      139,            0,        371,            371,            0,             0,             0,          520,            5500,   40,         180,                剑身通体焦赤，挥舞时如虹芒匹练，专斩妖魔
乾元剑,     1127, 把,   40,        111,     198,            0,        444,            444,            0,             0,             0,          660,            9000,   60,         240,                百炼精钢所制，剑身厚重有力，可斩金断铁
斩妖剑,     1128, 把,   50,        139,     265,            0,        594,            594,            0,             0,             0,          720,            15000,  80,         300,                相传乃一高仙之物，此剑一出妖魔皆胆寒
昆吾剑,     1129, 把,   60,        167,     341,            0,        763,            763,            0,             0,             0,          780,            25000,  100,        360,                上古名剑，吸噬灵气而现红色，十分锋利
追魂剑,     1130, 把,   70,        195,     425,            0,        952,            952,            0,             0,             0,          830,            40000,  120,        420,                剑身修长且刻有符咒于剑身，能够追魂夺命，对妖魔尤其有效
九黎剑,     1131, 把,   80,        223,     518,            0,        1159,           1159,           0,             0,             0,          880,            60000,  150,        480,                采用上古天石内的精钢打制，浸日月精华淬炼而成，斩妖宝物
轩辕剑,     1132, 把,   90,        251,     619,            0,        1385,           1385,           0,             0,             0,          930,            88000,  0,          540,                传说轩辕黄帝曾使用过的宝剑，剑身金黄而暗蕴神力，降妖神器
乙木神剑,   1133, 把,   100,       279,     728,            0,        1630,           1630,           0,             0,             0,          1000,           120000, 0,          600,                色泽灼灼，神力逼人，此乃远古神兵
紫青玄魔剑, 1160, 把,   110,       307,     846,            0,        1893,           1893,           0,             0,             0,          1050,           150000, 0,          660,                紫色与青色不时闪动于剑身，可令妖魔闻风丧胆的神兵
封神诛仙剑, 1161, 把,   120,       335,     973,            0,        2176,           2176,           0,             0,             0,          1100,           180000, 0,          720,                相传此剑乃为统治众神所铸之物，剑中之神
九天玄冥剑, 1169, 把,   130,       363,     1108,           0,        2478,           2478,           0,             0,             0,          1200,           200000, 0,          780,                九天之外玄冥寒冰凝炼而成，纳幽冥之森寒，驱一切妖邪

铁爪,       1145, 对,   1,         0,       13,             0,        58,             58,             0,             0,             0,          220,            300,    2,          6,                  普通的铁爪，用于练习用爪的基本技巧
虎爪,       1146, 对,   10,        27,      47,             0,        179,            179,            0,             0,             0,          300,            2000,   10,         60,                 精钢所制形如虎爪，舞动起来如饿虎撕食
赤炼爪,     1147, 对,   20,        55,      89,             0,        253,            253,            0,             0,             0,          400,            3500,   20,         120,                爪体犹如凶兽之口，视之不寒而栗
残青爪,     1148, 对,   30,        83,      139,            0,        371,            371,            0,             0,             0,          520,            5500,   40,         180,                爪身幽泛青光，如被击中必然毒发而亡
阴风爪,     1149, 对,   40,        111,     198,            0,        444,            444,            0,             0,             0,          660,            9000,   60,         240,                爪身细小黑青，状如人手，舞动中阵阵阴风迎面而来，让人胆寒
寒冰刺,     1150, 对,   50,        139,     265,            0,        594,            594,            0,             0,             0,          720,            15000,  80,         300,                聚千年寒阴之气铸成，被刺中者蚀骨而亡
骷髅爪,     1151, 对,   60,        167,     341,            0,        763,            763,            0,             0,             0,          780,            25000,  100,        360,                纯金打造，貌似骷髅，传自阴界，斩妖利器
幽冥鬼爪,   1152, 对,   70,        195,     425,            0,        952,            952,            0,             0,             0,          830,            40000,  120,        420,                爪上刻有幽冥图文，击中目标即能吸魂夺魄
噬魂魔爪,   1153, 对,   80,        223,     518,            0,        1159,           1159,           0,             0,             0,          880,            60000,  150,        480,                爪体怪异，可吸食敌人三魂七魄的魔爪
拂兰指,     1154, 对,   90,        251,     619,            0,        1385,           1385,           0,             0,             0,          930,            88000,  0,          540,                精巧轻灵，相传为仙界之物，除魔降妖之神器
啼血爪,     1155, 对,   100,       279,     728,            0,        1630,           1630,           0,             0,             0,          1000,           120000, 0,          600,                大巧不工，无坚不克，除魔卫道之神兵
七巧玲珑爪, 1165, 对,   110,       307,     846,            0,        1893,           1893,           0,             0,             0,          1050,           150000, 0,          660,                黑水晶制作，有七个角，小巧但闪着七彩光芒
镇魂摄天刺, 1164, 对,   120,       335,     973,            0,        2176,           2176,           0,             0,             0,          1100,           180000, 0,          720,                当空一刺，直可裂天，上古传承的神器，神力无边
红绫火毒爪, 1166, 对,   130,       363,     1108,           0,        2478,           2478,           0,             0,             0,          1200,           200000, 0,          780,                此爪一出，火毒连绵，天上地下，红光艳艳，魔遇魔焚，佛遇佛杀

长枪,       1134, 把,   1,         0,       13,             0,        58,             58,             0,             0,             0,          220,            300,    2,          6,                  普通的长枪，用于练习用枪的基本技巧
铁枪,       1135, 把,   10,        27,      47,             0,        179,            179,            0,             0,             0,          300,            2000,   10,         60,                 常见的一杆铁枪，其貌不扬，但很实用
点钢枪,     1136, 把,   20,        55,      89,             0,        253,            253,            0,             0,             0,          400,            3500,   20,         120,                精铁打造而成，枪尖有如勾镰，增强攻击
乌金枪,     1137, 把,   30,        83,      139,            0,        371,            371,            0,             0,             0,          520,            5500,   40,         180,                通体赤黄，枪尖细长锋利，使人不寒而栗
火焰枪,     1138, 把,   40,        111,     198,            0,        444,            444,            0,             0,             0,          660,            9000,   60,         240,                枪形古怪，枪头如蛇矛，令人不战而寒
双头枪,     1139, 把,   50,        139,     265,            0,        594,            594,            0,             0,             0,          720,            15000,  80,         300,                枪有双头，使将起来左右逢源，妙用无穷
寒风枪,     1140, 把,   60,        167,     341,            0,        763,            763,            0,             0,             0,          780,            25000,  100,        360,                枪头诡异无比，和枪身浑然一体，降妖伏魔的利器
暴雨梨花枪, 1141, 把,   70,        195,     425,            0,        952,            952,            0,             0,             0,          830,            40000,  120,        420,                轻盈的设计不但有美感，更有凌厉的速度
云龙枪,     1142, 把,   80,        223,     518,            0,        1159,           1159,           0,             0,             0,          880,            60000,  150,        480,                设计精巧，枪体厚重，力大者方运用自如
蕴雷枪,     1143, 把,   90,        251,     619,            0,        1385,           1385,           0,             0,             0,          930,            88000,  0,          540,                纯金枪尖，着手沉稳，挥动更隐有风雷之声
风火游龙枪, 1162, 把,   100,       279,     728,            0,        1630,           1630,           0,             0,             0,          1000,           120000, 0,          600,                枪身有风、火二龙围绕，攻击时风火齐出，威力不凡
九转金刚刃, 1163, 把,   110,       307,     846,            0,        1893,           1893,           0,             0,             0,          1050,           150000, 0,          660,                枪尖为金刚石制成的九刃神兵，相传为黄帝所留
混元斩龙戟, 1144, 把,   120,       335,     973,            0,        2176,           2176,           0,             0,             0,          1100,           180000, 0,          720,                集天地间暴戾之气而生，唯大仁义者方可挥洒自如
赤眼神龙枪, 1168, 把,   130,       363,     1108,           0,        2478,           2478,           0,             0,             0,          1200,           200000, 0,          780,                具有灵性的神器，枪头镶有一颗血红宝珠，使用时宛如游龙飞舞，煞气十足

青珑挂珠,   1301, 串,   20,        0,       0,              0,        0,              0,              264,           0,             0,          0,              20000,  0,          120,                青玉制成的挂坠，佩带后使人神清气爽
紫晶坠子,   1302, 个,   35,        0,       0,              0,        0,              0,              531,           0,             0,          0,              35000,  0,          210,                紫水晶雕成的坠子，佩带后有益气增法之功效
三才项圈,   1303, 个,   50,        0,       0,              0,        0,              0,              785,           0,             0,          0,              50000,  0,          300,                道家修法的绝佳物品，具有入定安神之奇效
幻彩项链,   1304, 个,   60,        0,       0,              0,        0,              0,              1008,          0,             0,          0,              60000,  0,          360,                古拙玄幻的色彩中蕴藏着无尽的法力
雪魂丝链,   1305, 个,   70,        0,       0,              0,        0,              0,              1257,          0,             0,          0,              70000,  0,          420,                传说中雪魔女被降伏时的眼泪化作的丝链，佩带后可法力大增
天机锁链,   1306, 个,   80,        0,       0,              0,        0,              0,              1531,          0,             0,          0,              80000,  0,          480,                上古流传下来暗藏无上法力的神秘锁链
秘魔灵珠,   1307, 个,   90,        0,       0,              0,        0,              0,              1831,          0,             0,          0,              90000,  0,          540,                乃天庭雷部留在人间降魔的灵珠，法力无边
金碧莲花,   1308, 个,   100,       0,       0,              0,        0,              0,              2155,          0,             0,          0,              100000, 0,          600,                紫虚府中的奇珍，于修道练法之人有无上裨益
流光绝影,   1325, 串,   110,       0,       0,              0,        0,              0,              2504,          0,             0,          0,              120000, 0,          660,                此链挂坠为夜明珠所制，入夜之后光芒万丈
五蕴悯光,   1326, 串,   120,       0,       0,              0,        0,              0,              2878,          0,             0,          0,              150000, 0,          720,                寒玉莲放出五彩霞光，可给人带来无穷的法力
千彩流光,   1332, 串,   130,       0,       0,              0,        0,              0,              3278,          0,             0,          0,              170000, 0,          780,                收集万道彩虹凝炼成一丝流光，取百年露珠始得一点星珠，珠有千彩，千彩流光

纹龙佩,     1309, 块,   20,        0,       0,              0,        0,              0,              0,             397,           0,          0,              20000,  0,          120,                刻有龙纹的玉佩，长期佩带有强身健体之效
温玉玦,     1310, 块,   35,        0,       0,              0,        0,              0,              0,             799,           0,          0,              35000,  0,          210,                一种由温玉制成的饰物，可以增强体质
血心石,     1311, 块,   50,        0,       0,              0,        0,              0,              0,             1180,          0,          0,              50000,  0,          300,                一种血红色心形石头，可使人气血充沛
八角晶牌,   1312, 面,   60,        0,       0,              0,        0,              0,              0,             1516,          0,          0,              60000,  0,          360,                刻有八卦符文的玉牌，为灵鹫仙人养气之物
蟠螭结,     1313, 块,   70,        0,       0,              0,        0,              0,              0,             1890,          0,          0,              70000,  0,          420,                圣兽蟠螭所化，魂魄凝聚，生气活血之极品
七龙珠,     1314, 块,   80,        0,       0,              0,        0,              0,              0,             2301,          0,          0,              80000,  0,          480,                上古七条孽龙的元丹炼化而成，精气四溢
金蝉宝囊,   1315, 个,   90,        0,       0,              0,        0,              0,              0,             2750,          0,          0,              90000,  0,          540,                彩蝉翼制成的香囊，佩带后使人延年益寿
通灵宝玉,   1316, 块,   100,       0,       0,              0,        0,              0,              0,             3236,          0,          0,              100000, 0,          600,                传说中通晓灵性的宝玉，有缘人方可得之
寒玉龙勾,   1327, 块,   110,       0,       0,              0,        0,              0,              0,             3760,          0,          0,              120000, 0,          660,                九天神龙所化，有延年益寿之功效
八宝如意,   1328, 块,   120,       0,       0,              0,        0,              0,              0,             4321,          0,          0,              150000, 0,          720,                传说中，天上的神仙所遗留的如意佩，此法宝法力无穷
游火灵焰,   1331, 块,   130,       0,       0,              0,        0,              0,              0,             4920,          0,          0,              170000, 0,          780,                焰灵像蛇一样飞舞，缠绕在炽热的聚灵晶石上，它的法力源源不断

金刚手镯,   1317, 个,   20,        0,       0,              0,        76,             76,             0,             0,             0,          0,              20000,  0,          120,                奇异的手镯，泛着金光，佩带后杀伤力陡增
七星手链,   1318, 个,   35,        0,       0,              0,        153,            153,            0,             0,             0,          0,              35000,  0,          210,                暗藏北斗七星之势，可令对手未战而先寒
凤舞环,     1319, 个,   50,        0,       0,              0,        227,            227,            0,             0,             0,          0,              50000,  0,          300,                犹如彩凤翻飞，能迷惑对手心神而攻其不备
龙鳞手镯,   1320, 个,   60,        0,       0,              0,        292,            292,            0,             0,             0,          0,              60000,  0,          360,                用青龙之鳞炼化而成，佩带者锐不可挡
法文手轮,   1321, 个,   70,        0,       0,              0,        364,            364,            0,             0,             0,          0,              70000,  0,          420,                闪现奇异符咒的手镯，能够产生奇特的力量而令对手防不胜防
闭月双环,   1322, 个,   80,        0,       0,              0,        443,            443,            0,             0,             0,          0,              80000,  0,          480,                清柔雅致的光环舞动起来光影漫漫，令对方眼花缭乱，暗藏杀机
三清手镯,   1323, 个,   90,        0,       0,              0,        529,            529,            0,             0,             0,          0,              90000,  0,          540,                道家无上法宝，所蕴藏的法力威力无穷
天星奇光,   1324, 个,   100,       0,       0,              0,        623,            623,            0,             0,             0,          0,              100000, 0,          600,                若隐若现的星光看似平淡无奇，飘闪的寒芒却可造成致命的一击
碎梦涵光,   1329, 只,   110,       0,       0,              0,        724,            724,            0,             0,             0,          0,              120000, 0,          660,                传说中，仙女所遗留的法宝，此物内藏强大的法力，功效无穷
九天霜华,   1330, 只,   120,       0,       0,              0,        832,            832,            0,             0,             0,          0,              150000, 0,          720,                由九天之外霜露凝结而制，可给人带来无穷的法力
岚金火链,   1333, 只,   130,       0,       0,              0,        947,            947,            0,             0,             0,          0,              170000, 0,          780,                灵气四溢的金色流火，如有灵性般摇曳盈动

