#forbidden_item.list
#禁止被交易、摆摊、丢弃、售卖的道具列表
#Modifid by Huang Yadan @ 2006-10-19
#
#每个道具占一行，后面对应列置 1 表示禁止对应的操作，置 0 表示允许
#
#每个道具在这里设定的属性数目要与 gs/daemons/itemd.c 中的
#宏 TOTAL_ATTRIB_NUM 保持一致，如果新加入了属性，则要更新宏 TOTAL_ATTRIB_NUM

#道具名称          禁止交易    禁止摆摊    禁止丢弃    禁止出售（向 NPC 出售）
道具套餐卡,          1,          1,          1,          0
超级仙风散,          1,          1,          1,          0
超级八卦阴阳令,          1,          1,          1,          0
易经洗髓丹,          1,          1,          1,          0
五行合缘露,          1,          1,          1,          0
灵晶盒,          1,          1,          1,          0
超级归元露,          1,          1,          1,          0
天神护佑,          1,          1,          1,          0
灵引咒,          1,          1,          1,          0
急急如律令,          1,          1,          1,          0
金蝉脱壳,          1,          1,          1,          0
血池,          1,          1,          1,          0
灵池,          1,          1,          1,          0
BOSS卡,      1,          1,          1,          0
杀星卡,          1,          1,          1,          0
跑环记录卡,          1,          1,          1,          0
饰物合成卡,          1,          1,          1,          0
兽魂散,          1,          1,          1,          0
兽灵散,          1,          1,          1,          0
驯兽诀,          1,          1,          1,          0
离线摆摊卡,          1,          1,          1,          0
粉水晶,          1,          1,          1,          0
火眼金睛,          1,          1,          1,          0
超级藏宝图,          1,          1,          1,          0
改头换面卡,          1,          1,          1,          0
情缘盒,          1,          1,          1,          0
天换石,          1,          1,          1,          0
老酒,          1,          1,          1,          0
飞行符,          1,          1,          1,          0
仙灵卡,          1,          1,          1,          0
超级黑水晶,          1,          1,          1,          0
黄水晶,          1,          1,          1,          0
锦囊,          1,          1,          1,          0
强力驱魔香,          1,          1,          1,          0
卡套,          1,          1,          1,          0
神木鼎,          1,          1,          1,          0
绿水晶,          1,          1,          1,          0
经营许可证,          1,          1,          1,          0
惊妖铃,          1,          1,          1,          0
烟花筒,          1,          1,          1,          0
血玲珑,          1,          1,          1,          0
法玲珑,          1,          1,          1,          0
引路蜂,          1,          1,          1,          0
超级神兽丹,          1,          1,          1,          0
高级道具套餐卡,          1,          1,          1,          0
高级血池,          1,          1,          1,          0
高级灵池,          1,          1,          1,          0
材料箱,          1,          1,          1,          0
特效仙风散,          1,          1,          1,          0
超级升级包,          1,          1,          1,          0
高级血玲珑,          1,          1,          1,          0
高级法玲珑,          1,          1,          1,          0
超级绿水晶,          1,          1,          1,          0
丹药盒,          1,          1,          1,          0
宠风散,         1,          1,          1,          0
圣水晶,         1,          1,          1,          0
元气丹,         1,          1,          1,          0
无量心经,         1,          1,          1,          0
钥匙串,         1,          1,          1,          0
灵物囊,         1,          1,          1,          0
御灵粮袋,         1,          1,          1,          0
天书,         1,          1,          1,          0
高级驯兽诀,         1,          1,          1,          0
灵物囊,         1,          1,          1,          0
御灵粮袋,         1,          1,          1,          0
中级血玲珑,         1,          1,          1,          0
中级法玲珑,         1,          1,          1,          0
中级血池,         1,          1,          1,          0
中级灵池,         1,          1,          1,          0
道具套餐体验卡,         1,          1,          1,          0
鲜花卡,         1,          1,          1,          0
水果卡,         1,          1,          1,          0
超级圣水晶,         1,          1,          1,          0
幻境石,         1,          1,          1,          0
工匠宝箱,            1,          1,          1,          0
风灵丸,         1,          1,          1,          0
