#名称           file_id          name            icon      骑宠        骑宠动作        骑宠影子    遮挡部分编号   尊称          蔑称       对自己的尊称       对自己的谦称    肖像      等级   血量   法力值 攻击   防御  速度   主相性 道行    物理吸收    法术吸收    物理攻击效果 魔法攻击效果 经验 物品奖励倍率      金钱   携带等级要求 血量效果     法力效果     速度效果      驯养消耗
key_name, file_id,         name,     icon,  mount_icon, mount_action, mount_shadow, mount_shelter, respect_name, rude_name, self_respect_name, self_rude_name, portrait, level, life, mana, power, def, speed, polar, tao,   phy_absorb, mag_absorb, phy_effect, mag_effect, exp, bonus_award_rate, money, req_level, life_effect, mana_effect, speed_effect, tao_pet_loyalty
古鹿,     "gulu",          古鹿,     30001, 31001,      3,            0,            41001,         上仙,         妖怪,      本仙,              老妖我,         30001,    50,    7373, 5056, 1322,  581, 275,   1,     25375, 0,          0,          -40,        15,         181, 1,                31,    1,         60,          25,          15,           6
仙阳剑,   "xianyangjian",  仙阳剑,   30006, 31006,      1,            40002,        0,             上仙,         妖怪,      本仙,              老妖我,         30006,    50,    7373, 5056, 1322,  581, 275,   1,     25375, 0,          0,          -40,        35,         181, 1,                31,    1,         45,          25,          10,           6
仙葫芦,   "xianhulu",      仙葫芦,   30011, 31011,      0,            0,            0,             上仙,         妖怪,      本仙,              老妖我,         30011,    50,    7373, 5056, 1322,  581, 275,   1,     25375, 0,          0,          -40,        20,         181, 1,                31,    1,         50,          25,          20,           6
云豹,     "yunbao",        云豹,     30016, 31016,      4,            0,            0,             上仙,         妖怪,      本仙,              老妖我,         30016,    50,    7373, 5056, 1322,  581, 275,   1,     25375, 0,          0,          -40,        25,         181, 1,                31,    1,         45,          25,          20,           6
无极熊,   "wujixiong",     无极熊,   30023, 31023,      5,            0,            0,             上仙,         妖怪,      本仙,              老妖我,         30023,    50,    7373, 5056, 1322,  581, 275,   1,     25375, 0,          0,          -40,        30,         181, 1,                31,    1,         55,          25,          5,            6
云鹿,     "yunlu",         云鹿,     30002, 31002,      3,            0,            41002,         上仙,         妖怪,      本仙,              老妖我,         30002,    50,    7373, 5056, 1322,  581, 275,   2,     25375, 0,          0,          -40,        15,         181, 1,                31,    1,         60,          25,          15,           6
圣檀剑,   "shengtanjian",  圣檀剑,   30009, 31009,      1,            40002,        0,             上仙,         妖怪,      本仙,              老妖我,         30009,    50,    7373, 5056, 1322,  581, 275,   2,     25375, 0,          0,          -40,        35,         181, 1,                31,    1,         45,          25,          10,           6
翡翠葫芦, "feicuihulu",    翡翠葫芦, 30015, 31015,      0,            0,            0,             上仙,         妖怪,      本仙,              老妖我,         30015,    50,    7373, 5056, 1322,  581, 275,   2,     25375, 0,          0,          -40,        20,         181, 1,                31,    1,         50,          25,          20,           6
玉豹,     "yubao",         玉豹,     30020, 31020,      4,            0,            0,             上仙,         妖怪,      本仙,              老妖我,         30020,    50,    7373, 5056, 1322,  581, 275,   2,     25375, 0,          0,          -40,        25,         181, 1,                31,    1,         45,          25,          20,           6
棕茸熊,   "zongrongxiong", 棕茸熊,   30022, 31022,      5,            0,            0,             上仙,         妖怪,      本仙,              老妖我,         30022,    50,    7373, 5056, 1322,  581, 275,   2,     25375, 0,          0,          -40,        30,         181, 1,                31,    1,         55,          25,          5,            6
灵鹿,     "linglu",        灵鹿,     30005, 31005,      3,            0,            41005,         上仙,         妖怪,      本仙,              老妖我,         30005,    50,    7373, 5056, 1322,  581, 275,   3,     25375, 0,          0,          -40,        15,         181, 1,                31,    1,         60,          25,          15,           6
水韵剑,   "shuyunjian",    水韵剑,   30007, 31007,      1,            40002,        0,             上仙,         妖怪,      本仙,              老妖我,         30007,    50,    7373, 5056, 1322,  581, 275,   3,     25375, 0,          0,          -40,        35,         181, 1,                31,    1,         45,          25,          10,           6
灵葫芦,   "linghulu",      灵葫芦,   30012, 31012,      0,            0,            0,             上仙,         妖怪,      本仙,              老妖我,         30012,    50,    7373, 5056, 1322,  581, 275,   3,     25375, 0,          0,          -40,        20,         181, 1,                31,    1,         50,          25,          20,           6
雪豹,     "xuebao",        雪豹,     30017, 31017,      4,            0,            0,             上仙,         妖怪,      本仙,              老妖我,         30017,    50,    7373, 5056, 1322,  581, 275,   3,     25375, 0,          0,          -40,        25,         181, 1,                31,    1,         45,          25,          20,           6
北极熊,   "beijixiong",    北极熊,   30021, 31021,      5,            0,            0,             上仙,         妖怪,      本仙,              老妖我,         30021,    50,    7373, 5056, 1322,  581, 275,   3,     25375, 0,          0,          -40,        30,         181, 1,                31,    1,         55,          25,          5,            6
幻鹿,     "huanlu",        幻鹿,     30003, 31003,      3,            0,            41003,         上仙,         妖怪,      本仙,              老妖我,         30003,    50,    7373, 5056, 1322,  581, 275,   4,     25375, 0,          0,          -40,        15,         181, 1,                31,    1,         60,          25,          15,           6
翠灵剑,   "cuilingjian",   翠灵剑,   30008, 31008,      1,            40002,        0,             上仙,         妖怪,      本仙,              老妖我,         30008,    50,    7373, 5056, 1322,  581, 275,   4,     25375, 0,          0,          -40,        35,         181, 1,                31,    1,         45,          25,          10,           6
赤焰葫芦, "chiyanhulu",    赤焰葫芦, 30013, 31013,      0,            0,            0,             上仙,         妖怪,      本仙,              老妖我,         30013,    50,    7373, 5056, 1322,  581, 275,   4,     25375, 0,          0,          -40,        20,         181, 1,                31,    1,         50,          25,          20,           6
水晶豹,   "shuijingbao",   水晶豹,   30018, 31018,      4,            0,            0,             上仙,         妖怪,      本仙,              老妖我,         30018,    50,    7373, 5056, 1322,  581, 275,   4,     25375, 0,          0,          -40,        25,         181, 1,                31,    1,         45,          25,          20,           6
赤锦熊,   "chijinxiong",   赤锦熊,   30024, 31024,      5,            0,            0,             上仙,         妖怪,      本仙,              老妖我,         30024,    50,    7373, 5056, 1322,  581, 275,   4,     25375, 0,          0,          -40,        30,         181, 1,                31,    1,         55,          25,          5,            6
雅鹿,     "yalu",          雅鹿,     30004, 31004,      3,            0,            41004,         上仙,         妖怪,      本仙,              老妖我,         30004,    50,    7373, 5056, 1322,  581, 275,   5,     25375, 0,          0,          -40,        15,         181, 1,                31,    1,         60,          25,          15,           6
岳麓剑,   "yuelujian",     岳麓剑,   30010, 31010,      1,            40002,        0,             上仙,         妖怪,      本仙,              老妖我,         30010,    50,    7373, 5056, 1322,  581, 275,   5,     25375, 0,          0,          -40,        35,         181, 1,                31,    1,         45,          25,          10,           6
紫藤葫芦, "zitenghulu",    紫藤葫芦, 30014, 31014,      0,            0,            0,             上仙,         妖怪,      本仙,              老妖我,         30014,    50,    7373, 5056, 1322,  581, 275,   5,     25375, 0,          0,          -40,        20,         181, 1,                31,    1,         50,          25,          20,           6
凌岩豹,   "lingyanbao",    凌岩豹,   30019, 31019,      4,            0,            0,             上仙,         妖怪,      本仙,              老妖我,         30019,    50,    7373, 5056, 1322,  581, 275,   5,     25375, 0,          0,          -40,        25,         181, 1,                31,    1,         45,          25,          20,           6
太极熊,   "taijixiong",    太极熊,   30025, 31025,      5,            0,            0,             上仙,         妖怪,      本仙,              老妖我,         30025,    50,    7373, 5056, 1322,  581, 275,   5,     25375, 0,          0,          -40,        30,         181, 1,                31,    1,         55,          25,          5,            6

