#key_name, 最小持续回合, 增加持续回合数的等级
#金系
流连忘返,  2,            40,  80,  120
得意忘形,  2,            60,  120, 160
如痴如醉,  3,            120, 180
如梦初醒,  3,            80,  120
恍若隔世,  3,            80,  160
天生神力,  2,            20,  50,  90
气冲斗牛,  2,            30,  70,  120
九牛二虎,  3,            60,  120
如虎添翼,  3,            40,  90,  130, 170
力挽狂澜,  3,            40,  90,  140, 180

#木系
见血封喉,  2,            40,  80,  120
蛇口蜂针,  2,            60,  120, 160
鹤顶红粉,  3,            120, 180
蝎尾蛇涎,  3,            80,  120
万蚁噬心,  3,            80,  160
拔苗助长,  2,            20,  50,  90
火上浇油,  2,            30,  70,  120
水涨船高,  3,            60,  120
红花绿叶,  3,            40,  90,  130, 170
锦上添花,  3,            40,  90,  140, 180

#水系
三九严寒,  2,            40,  80,  120
天寒地冻,  2,            60,  120, 160
冰冻三尺,  3,            120, 180
极地冰寒,  3,            80,  120
包罗万象,  3,            80,  160
防微杜渐,  2,            20,  50,  90
铁骨铮铮,  2,            30,  70,  120
兵来将挡,  3,            60,  120
铜墙铁壁,  3,            40,  90,  130, 170
天地浑元,  3,            40,  90,  140, 180

#火系
心醉神迷,  2,            40,  80,  120
神魂颠倒,  2,            60,  120, 160
魂不守舍,  3,            120, 180
魂牵梦萦,  3,            80,  120
魂不附体,  3,            80,  160
十万火急,  2,            20,  50,  90
先声夺人,  2,            30,  70,  120
疾风迅雷,  3,            60,  120
风驰电掣,  3,            40,  90,  130, 170
兵贵神速,  3,            40,  90,  140, 180

#土系
有心无力,  2,            40,  80,  120
顾此失彼,  2,            60,  120, 160
六神无主,  3,            120, 180
地束七魄,  3,            80,  120
天定三魂,  3,            80,  160
鞭长莫及,  2,            20,  50,  90
望风扑影,  2,            30,  70,  120
化险为夷,  3,            60,  120
避实就虚,  3,            40,  90,  130, 170
移形换影,  3,            40,  90,  140, 180

#公共技能
翻转乾坤,  1,            20,  60,  100, 140, 180
